# Test


Fast mover products: ART003; ART004
Slow mover products: ART001; ART002

Warm locations: 12
Cold locations: 11


=== Optimal:
11;0;0;ART001;0
11;1;0;ART002;0
11;0;1;;0
11;1;1;;0
11;0;2;;0
11;1;2;;0
11;0;3;;0
11;1;3;;0
11;0;4;;0
11;1;4;;0
12;0;0;ART003;0
12;1;0;ART004;0
12;0;1;;0
12;1;1;;0
12;0;2;;0
12;1;2;;0
12;0;3;;0
12;1;3;;0
12;0;4;;0
12;1;4;;0



=== Non optimal:
11;0;0;ART003;0
11;1;0;ART004;0
11;0;1;;0
11;1;1;;0
11;0;2;;0
11;1;2;;0
11;0;3;;0
11;1;3;;0
11;0;4;;0
11;1;4;;0
12;0;0;ART001;0
12;1;0;ART002;0
12;0;1;;0
12;1;1;;0
12;0;2;;0
12;1;2;;0
12;0;3;;0
12;1;3;;0
12;0;4;;0
12;1;4;;0
